latinHypercube_100_1
Best solution: Solution: cost=[828.0], size=[37], elements=[1, 2, 3, 4, 5, 8, 9, 11, 12, 13, 18, 19, 27, 29, 31, 32, 36, 37, 42, 43, 44, 46, 48, 51, 54, 55, 57, 58, 60, 61, 62, 67, 69, 70, 71, 73, 75]
Time: 11.965seg 

latinHypercube_200_2
Best solution: Solution: cost=[803.0], size=[38], elements=[1, 2, 3, 4, 5, 7, 8, 11, 13, 18, 23, 31, 32, 35, 36, 37, 42, 43, 44, 47, 48, 49, 51, 54, 55, 57, 58, 61, 62, 63, 70, 71, 72, 73, 74, 75, 76, 79]
Time: 21.699seg 

latinHypercube_100_2
Best solution: Solution: cost=[773.0], size=[36], elements=[1, 2, 3, 4, 5, 7, 8, 11, 13, 15, 18, 24, 25, 31, 34, 37, 41, 42, 43, 44, 47, 48, 49, 50, 51, 52, 54, 58, 59, 61, 64, 65, 66, 71, 73, 76]
Time: 10.809seg 

padrao_100_1
Best solution: Solution: cost=[842.0], size=[38], elements=[1, 2, 3, 4, 7, 8, 13, 18, 19, 21, 22, 24, 31, 37, 42, 43, 44, 46, 47, 48, 49, 50, 51, 52, 54, 55, 57, 58, 60, 61, 62, 70, 71, 72, 73, 74, 75, 76]
Time: 10.777seg 

padrao_200_2
Best solution: Solution: cost=[851.0], size=[36], elements=[1, 2, 3, 4, 7, 8, 13, 18, 19, 21, 22, 24, 31, 37, 42, 43, 44, 46, 47, 48, 49, 50, 51, 52, 54, 55, 58, 60, 61, 62, 64, 71, 73, 74, 75, 76]
Time: 22.457seg 

padrao_100_2
Best solution: Solution: cost=[811.0], size=[36], elements=[1, 2, 3, 4, 7, 8, 13, 18, 19, 21, 22, 23, 24, 25, 31, 37, 42, 43, 44, 46, 47, 48, 49, 51, 52, 53, 55, 58, 62, 64, 70, 71, 73, 74, 75, 76]
Time: 15.171seg 

uniformCrossover_100_1_0.25
Best solution: Solution: cost=[842.0], size=[38], elements=[1, 2, 3, 4, 7, 8, 11, 13, 18, 19, 21, 22, 24, 31, 37, 42, 43, 44, 46, 47, 48, 49, 50, 51, 52, 54, 55, 58, 60, 61, 62, 70, 71, 72, 73, 74, 75, 76]
Time: 11.442seg 

uniformCrossover_200_2_0.25
Best solution: Solution: cost=[726.0], size=[37], elements=[1, 2, 3, 4, 5, 8, 10, 11, 12, 13, 15, 16, 18, 19, 21, 24, 25, 29, 31, 37, 42, 43, 44, 47, 48, 50, 51, 52, 54, 59, 60, 61, 62, 64, 65, 71, 73]
Time: 22.262seg 

uniformCrossover_100_1_0.50
Best solution: Solution: cost=[823.0], size=[35], elements=[0, 1, 2, 3, 4, 5, 8, 13, 18, 19, 22, 24, 25, 31, 37, 42, 43, 44, 46, 47, 48, 49, 51, 52, 54, 55, 57, 58, 60, 62, 70, 71, 72, 73, 76]
Time: 11.116seg 

uniformCrossover_200_2_0.50
Best solution: Solution: cost=[769.0], size=[38], elements=[1, 2, 3, 4, 5, 8, 10, 11, 13, 15, 18, 21, 24, 25, 29, 31, 37, 43, 44, 47, 48, 49, 50, 51, 52, 53, 54, 55, 57, 60, 61, 62, 65, 71, 72, 73, 76, 78]
Time: 22.32seg 

