latinHypercube_100_1
Best solution: Solution: cost=[1166.0], size=[46], elements=[3, 10, 11, 13, 14, 17, 18, 21, 22, 23, 24, 25, 28, 29, 33, 34, 38, 43, 45, 51, 56, 57, 61, 62, 63, 64, 67, 68, 69, 71, 74, 77, 78, 79, 81, 82, 83, 84, 85, 86, 91, 93, 94, 95, 96, 99]
Time: 36.029seg 

latinHypercube_200_2
Best solution: Solution: cost=[1166.0], size=[46], elements=[3, 10, 11, 13, 14, 17, 18, 21, 22, 23, 24, 25, 28, 29, 33, 34, 38, 43, 45, 51, 56, 57, 61, 62, 63, 64, 67, 68, 69, 71, 74, 77, 78, 79, 81, 82, 83, 84, 85, 86, 91, 93, 94, 95, 96, 99]
Time: 70.98seg 

latinHypercube_100_2
Best solution: Solution: cost=[1123.0], size=[48], elements=[2, 4, 7, 9, 10, 12, 16, 17, 18, 19, 20, 22, 23, 24, 25, 28, 29, 33, 34, 38, 40, 42, 43, 45, 48, 51, 56, 58, 59, 61, 62, 63, 67, 68, 69, 71, 72, 73, 79, 84, 85, 90, 91, 92, 94, 95, 96, 97]
Time: 43.835seg 

padrao_100_1
Best solution: Solution: cost=[1180.0], size=[46], elements=[0, 2, 5, 6, 8, 9, 10, 12, 13, 14, 15, 16, 17, 20, 21, 22, 23, 29, 33, 38, 43, 44, 45, 48, 50, 55, 59, 61, 62, 63, 67, 68, 69, 71, 72, 73, 74, 75, 79, 84, 85, 91, 92, 94, 96, 98]
Time: 44.015seg 

padrao_200_2
Best solution: Solution: cost=[1262.0], size=[49], elements=[2, 7, 9, 10, 14, 16, 17, 18, 19, 20, 22, 23, 24, 25, 28, 29, 33, 34, 38, 40, 42, 44, 45, 50, 51, 56, 57, 61, 62, 63, 64, 67, 68, 69, 71, 72, 73, 74, 78, 79, 81, 84, 85, 86, 90, 91, 92, 94, 96]
Time: 118.509seg 

padrao_100_2
Best solution: Solution: cost=[1263.0], size=[46], elements=[2, 7, 9, 10, 14, 16, 17, 18, 19, 20, 22, 23, 25, 28, 29, 33, 34, 38, 42, 44, 45, 50, 51, 56, 57, 61, 62, 63, 64, 67, 68, 69, 71, 72, 73, 74, 78, 79, 84, 85, 86, 90, 91, 92, 94, 96]
Time: 39.138seg 

uniformCrossover_100_1_0.25
Best solution: Solution: cost=[1223.0], size=[46], elements=[2, 3, 7, 10, 11, 14, 17, 18, 19, 22, 23, 24, 25, 27, 28, 29, 33, 34, 38, 40, 43, 44, 45, 49, 51, 56, 57, 61, 62, 63, 64, 68, 69, 71, 73, 74, 78, 81, 84, 85, 86, 89, 90, 91, 93, 96]
Time: 35.881seg 

uniformCrossover_200_2_0.25
Best solution: Solution: cost=[1220.0], size=[47], elements=[2, 3, 7, 10, 11, 14, 16, 17, 18, 19, 22, 23, 24, 25, 28, 29, 33, 34, 38, 40, 42, 44, 45, 49, 51, 56, 57, 61, 62, 63, 64, 68, 69, 71, 73, 74, 78, 79, 81, 84, 85, 86, 89, 90, 91, 92, 96]
Time: 74.389seg 

uniformCrossover_100_1_0.50
Best solution: Solution: cost=[1184.0], size=[42], elements=[2, 7, 9, 10, 16, 17, 18, 22, 23, 24, 28, 29, 33, 34, 38, 39, 42, 44, 51, 56, 57, 62, 63, 64, 66, 69, 71, 74, 75, 78, 80, 81, 82, 84, 89, 90, 91, 92, 93, 94, 95, 96]
Time: 36.78seg 

uniformCrossover_200_2_0.50
Best solution: Solution: cost=[1233.0], size=[45], elements=[2, 6, 7, 9, 10, 14, 16, 18, 20, 22, 23, 28, 29, 33, 34, 38, 39, 42, 44, 45, 50, 51, 56, 57, 59, 62, 63, 64, 66, 67, 68, 69, 71, 72, 73, 74, 78, 80, 82, 84, 85, 90, 91, 92, 96]
Time: 70.21seg 

