latinHypercube_100_1
Best solution: Solution: cost=[3716.0], size=[96], elements=[4, 5, 6, 7, 9, 12, 13, 16, 19, 21, 24, 25, 30, 32, 34, 39, 45, 48, 49, 50, 51, 53, 54, 56, 58, 61, 62, 63, 66, 67, 68, 69, 70, 72, 73, 77, 80, 81, 82, 84, 85, 87, 89, 92, 93, 99, 100, 104, 105, 109, 110, 113, 114, 116, 117, 121, 124, 126, 129, 132, 136, 137, 138, 139, 141, 144, 145, 147, 148, 151, 152, 154, 155, 156, 157, 160, 161, 162, 164, 165, 166, 167, 169, 171, 172, 173, 174, 177, 179, 184, 185, 192, 193, 195, 196, 199]
Time: 148.532seg 

latinHypercube_200_2
Best solution: Solution: cost=[3756.0], size=[94], elements=[4, 5, 7, 9, 11, 17, 18, 19, 20, 23, 24, 25, 28, 29, 30, 31, 34, 37, 39, 42, 43, 45, 49, 51, 52, 54, 61, 63, 66, 67, 69, 70, 72, 76, 80, 81, 85, 86, 89, 93, 99, 101, 103, 104, 105, 106, 110, 111, 112, 114, 119, 121, 122, 123, 124, 125, 127, 131, 132, 134, 137, 138, 139, 141, 145, 147, 148, 154, 155, 156, 157, 158, 159, 160, 162, 163, 164, 165, 166, 167, 171, 173, 174, 179, 180, 181, 183, 184, 187, 192, 195, 196, 198, 199]
Time: 285.374seg 

latinHypercube_100_2
Best solution: Solution: cost=[3215.0], size=[90], elements=[4, 6, 7, 8, 9, 13, 14, 15, 16, 19, 21, 23, 28, 30, 31, 32, 34, 39, 41, 45, 46, 49, 51, 52, 53, 54, 55, 56, 58, 66, 67, 70, 72, 80, 81, 84, 86, 88, 90, 92, 94, 99, 100, 103, 106, 110, 111, 112, 114, 116, 119, 121, 124, 125, 129, 131, 132, 137, 140, 142, 145, 147, 148, 149, 150, 151, 153, 154, 155, 157, 161, 162, 163, 164, 165, 166, 167, 170, 171, 173, 174, 175, 176, 178, 179, 181, 183, 184, 185, 199]
Time: 120.716seg 

padrao_100_1
Best solution: Solution: cost=[3899.0], size=[96], elements=[1, 4, 5, 6, 7, 8, 9, 12, 13, 16, 19, 21, 23, 25, 28, 30, 31, 34, 39, 40, 41, 45, 46, 49, 51, 52, 54, 56, 58, 62, 63, 67, 68, 69, 70, 72, 73, 77, 81, 83, 85, 87, 89, 93, 94, 95, 99, 103, 106, 108, 110, 112, 113, 114, 117, 119, 121, 125, 126, 129, 131, 132, 133, 138, 139, 140, 141, 143, 145, 147, 148, 149, 150, 153, 154, 155, 157, 160, 164, 166, 167, 169, 172, 173, 174, 175, 176, 179, 180, 181, 184, 185, 193, 196, 198, 199]
Time: 124.158seg 

padrao_200_2
Best solution: Solution: cost=[3428.0], size=[89], elements=[4, 5, 7, 8, 9, 13, 16, 17, 18, 19, 21, 23, 25, 28, 30, 31, 34, 41, 42, 45, 49, 51, 52, 54, 56, 61, 69, 70, 72, 77, 79, 80, 81, 82, 84, 85, 86, 90, 94, 99, 103, 104, 105, 106, 110, 111, 112, 114, 116, 117, 119, 124, 125, 127, 129, 131, 132, 137, 139, 141, 144, 145, 147, 148, 153, 154, 155, 156, 157, 160, 161, 162, 163, 164, 165, 166, 167, 171, 174, 175, 178, 179, 184, 185, 192, 193, 195, 197, 199]
Time: 234.449seg 

padrao_100_2
Best solution: Solution: cost=[3416.0], size=[95], elements=[4, 6, 7, 8, 9, 12, 13, 15, 16, 19, 21, 23, 28, 29, 30, 31, 33, 34, 37, 39, 40, 41, 44, 45, 46, 47, 48, 49, 51, 52, 54, 58, 61, 63, 67, 68, 69, 70, 72, 73, 77, 80, 81, 83, 85, 86, 88, 93, 95, 99, 100, 103, 104, 106, 108, 111, 114, 117, 118, 121, 123, 125, 126, 129, 131, 137, 138, 139, 140, 141, 143, 145, 147, 150, 153, 155, 157, 158, 160, 162, 164, 166, 167, 169, 170, 171, 172, 174, 175, 180, 181, 184, 185, 192, 196]
Time: 113.744seg 

uniformCrossover_100_1_0.25
Best solution: Solution: cost=[3504.0], size=[99], elements=[7, 9, 11, 13, 14, 15, 18, 19, 20, 23, 24, 25, 26, 28, 29, 30, 31, 32, 34, 37, 38, 41, 43, 45, 49, 52, 58, 61, 62, 63, 65, 66, 67, 68, 70, 72, 80, 83, 86, 88, 89, 93, 94, 95, 96, 98, 99, 100, 103, 106, 110, 112, 114, 116, 119, 121, 122, 124, 127, 132, 133, 134, 136, 137, 138, 139, 141, 143, 144, 145, 147, 148, 150, 153, 154, 155, 156, 157, 159, 160, 162, 164, 166, 167, 169, 173, 174, 176, 177, 179, 180, 183, 184, 186, 187, 188, 192, 193, 199]
Time: 121.986seg 

uniformCrossover_200_2_0.25
Best solution: Solution: cost=[3239.0], size=[92], elements=[4, 7, 9, 11, 17, 18, 19, 21, 23, 24, 25, 26, 28, 29, 30, 31, 34, 36, 45, 49, 51, 52, 54, 56, 61, 63, 66, 67, 69, 72, 73, 74, 76, 80, 81, 82, 83, 85, 86, 88, 89, 93, 99, 103, 105, 106, 111, 113, 114, 116, 121, 123, 124, 125, 127, 131, 132, 134, 136, 137, 138, 139, 141, 144, 145, 147, 148, 150, 151, 153, 154, 155, 157, 159, 160, 162, 163, 164, 165, 166, 167, 171, 173, 174, 179, 183, 184, 192, 195, 196, 198, 199]
Time: 214.993seg 

uniformCrossover_100_1_0.50
Best solution: Solution: cost=[3948.0], size=[95], elements=[4, 7, 9, 11, 13, 15, 17, 18, 19, 21, 23, 25, 26, 28, 30, 31, 33, 34, 39, 43, 45, 46, 49, 51, 52, 54, 56, 58, 61, 63, 66, 67, 69, 70, 72, 73, 80, 81, 83, 85, 86, 87, 89, 94, 95, 99, 100, 103, 106, 110, 111, 113, 114, 116, 117, 119, 121, 123, 124, 125, 127, 131, 134, 136, 137, 141, 143, 145, 147, 148, 152, 153, 154, 155, 156, 157, 158, 159, 160, 162, 164, 166, 167, 169, 171, 179, 181, 183, 184, 190, 192, 195, 197, 198, 199]
Time: 97.139seg 

uniformCrossover_200_2_0.50
Best solution: Solution: cost=[1798.0], size=[76], elements=[7, 8, 9, 11, 13, 15, 16, 21, 24, 28, 29, 30, 38, 39, 46, 49, 51, 53, 54, 55, 56, 58, 60, 63, 66, 69, 70, 73, 74, 77, 80, 81, 85, 86, 92, 94, 95, 97, 100, 106, 107, 110, 111, 113, 115, 116, 118, 120, 123, 126, 129, 131, 134, 138, 141, 142, 148, 157, 161, 162, 167, 170, 171, 174, 175, 178, 179, 183, 184, 190, 191, 192, 195, 196, 198, 199]
Time: 213.646seg 

