latinHypercube_100_1
Best solution: Solution: cost=[9474.0], size=[180], elements=[1, 3, 4, 5, 9, 11, 16, 17, 18, 20, 21, 22, 25, 28, 29, 30, 34, 37, 38, 43, 44, 46, 47, 48, 49, 50, 51, 53, 54, 56, 62, 63, 66, 69, 70, 74, 76, 77, 80, 82, 83, 84, 85, 89, 91, 92, 93, 94, 96, 98, 99, 100, 101, 102, 104, 110, 111, 112, 113, 114, 119, 124, 128, 130, 131, 132, 133, 134, 139, 141, 145, 147, 148, 152, 154, 155, 156, 157, 158, 159, 162, 163, 166, 167, 171, 172, 174, 177, 182, 183, 190, 193, 194, 195, 200, 201, 204, 205, 207, 208, 209, 211, 215, 216, 219, 223, 226, 227, 228, 229, 230, 233, 236, 239, 240, 245, 246, 247, 254, 258, 259, 260, 263, 265, 266, 269, 274, 277, 281, 285, 288, 289, 291, 293, 296, 299, 303, 306, 307, 309, 310, 312, 314, 316, 320, 323, 324, 325, 327, 328, 331, 332, 334, 339, 347, 348, 349, 351, 356, 358, 360, 361, 364, 365, 370, 371, 373, 375, 376, 378, 379, 380, 382, 383, 385, 386, 387, 389, 390, 394]
Time: 337.829seg 

latinHypercube_200_2
Best solution: Solution: cost=[5521.0], size=[167], elements=[0, 1, 2, 6, 7, 9, 10, 11, 15, 16, 17, 18, 20, 21, 24, 25, 27, 28, 29, 30, 37, 41, 42, 43, 47, 48, 51, 52, 54, 58, 62, 64, 68, 77, 78, 80, 81, 83, 84, 85, 87, 91, 92, 93, 95, 97, 99, 100, 105, 110, 111, 114, 118, 122, 123, 124, 125, 137, 138, 140, 141, 142, 146, 147, 148, 152, 154, 155, 156, 157, 159, 163, 165, 167, 169, 171, 172, 173, 177, 178, 180, 183, 184, 187, 191, 195, 196, 198, 208, 209, 211, 220, 223, 224, 225, 227, 228, 229, 234, 235, 236, 240, 242, 244, 245, 247, 248, 249, 250, 251, 252, 257, 262, 263, 265, 270, 272, 273, 274, 282, 283, 285, 286, 288, 289, 293, 296, 300, 303, 304, 308, 313, 317, 320, 323, 327, 328, 330, 336, 338, 342, 348, 351, 352, 354, 355, 357, 362, 364, 366, 368, 371, 372, 373, 376, 377, 378, 379, 381, 383, 385, 386, 387, 395, 396, 398, 399]
Time: 678.805seg 

latinHypercube_100_2
Best solution: Solution: cost=[6096.0], size=[151], elements=[1, 2, 5, 7, 9, 10, 14, 16, 22, 23, 25, 30, 38, 45, 47, 49, 50, 54, 62, 63, 64, 66, 72, 76, 77, 79, 80, 81, 84, 86, 91, 94, 95, 99, 107, 108, 110, 114, 115, 119, 120, 121, 124, 125, 126, 130, 131, 132, 141, 145, 146, 147, 148, 150, 151, 157, 158, 161, 162, 163, 165, 166, 168, 193, 195, 198, 200, 204, 207, 208, 211, 212, 217, 223, 224, 225, 227, 230, 232, 236, 238, 239, 246, 248, 252, 253, 256, 258, 260, 263, 272, 273, 274, 276, 277, 278, 279, 281, 285, 286, 288, 289, 290, 292, 293, 294, 295, 298, 300, 303, 307, 309, 316, 320, 321, 323, 324, 325, 326, 327, 328, 332, 335, 336, 338, 342, 348, 352, 356, 357, 360, 361, 364, 366, 368, 370, 371, 373, 374, 376, 378, 380, 381, 382, 383, 385, 386, 388, 390, 391, 398]
Time: 340.952seg 

padrao_100_1
Best solution: Solution: cost=[10097.0], size=[189], elements=[1, 4, 9, 10, 11, 13, 15, 16, 17, 18, 21, 25, 30, 31, 34, 38, 41, 43, 44, 45, 47, 48, 49, 50, 51, 53, 54, 56, 57, 61, 62, 63, 65, 66, 67, 70, 73, 76, 77, 80, 83, 84, 85, 87, 88, 92, 94, 95, 96, 97, 99, 100, 101, 103, 108, 110, 111, 113, 114, 119, 121, 124, 125, 126, 127, 128, 129, 134, 139, 140, 141, 143, 144, 145, 146, 147, 148, 151, 152, 154, 155, 156, 157, 158, 160, 165, 166, 169, 173, 174, 175, 179, 189, 190, 192, 193, 195, 196, 197, 198, 200, 208, 211, 215, 220, 223, 224, 226, 227, 228, 229, 230, 234, 236, 239, 240, 244, 246, 247, 248, 250, 253, 256, 263, 265, 270, 272, 273, 274, 284, 285, 286, 288, 289, 290, 293, 294, 296, 300, 301, 303, 304, 306, 309, 310, 313, 316, 323, 324, 325, 326, 327, 328, 329, 332, 334, 335, 336, 338, 339, 342, 347, 348, 350, 351, 352, 354, 356, 360, 361, 362, 363, 366, 368, 371, 373, 374, 376, 377, 378, 380, 381, 383, 384, 385, 393, 396, 397, 398]
Time: 268.406seg 

padrao_200_2
Best solution: Solution: cost=[5113.0], size=[154], elements=[0, 1, 5, 6, 7, 8, 9, 11, 16, 17, 20, 23, 25, 28, 30, 35, 45, 54, 57, 62, 63, 69, 70, 76, 78, 82, 86, 88, 92, 97, 98, 99, 102, 108, 111, 112, 114, 115, 119, 121, 124, 125, 126, 128, 141, 143, 145, 147, 148, 151, 153, 154, 156, 161, 163, 165, 166, 168, 169, 172, 174, 177, 183, 186, 190, 192, 193, 197, 206, 208, 212, 213, 214, 219, 223, 224, 226, 227, 228, 229, 230, 234, 236, 237, 240, 241, 242, 245, 246, 247, 249, 250, 252, 255, 256, 260, 273, 277, 279, 284, 286, 287, 289, 290, 293, 296, 300, 309, 310, 312, 313, 316, 318, 323, 324, 325, 326, 327, 328, 329, 332, 333, 334, 335, 339, 341, 342, 348, 349, 350, 353, 354, 355, 356, 359, 360, 366, 367, 368, 371, 372, 374, 376, 377, 383, 384, 386, 387, 389, 390, 393, 396, 397, 398]
Time: 501.859seg 

padrao_100_2
Best solution: Solution: cost=[5926.0], size=[164], elements=[2, 3, 4, 6, 9, 12, 16, 21, 23, 25, 30, 31, 33, 37, 38, 43, 44, 45, 48, 49, 50, 51, 53, 55, 57, 63, 65, 66, 67, 69, 70, 73, 75, 76, 80, 81, 84, 87, 88, 89, 91, 93, 94, 95, 97, 99, 100, 102, 108, 112, 114, 117, 119, 120, 121, 122, 123, 125, 127, 130, 132, 133, 139, 141, 143, 145, 147, 148, 149, 152, 153, 155, 157, 158, 159, 160, 162, 165, 166, 167, 170, 174, 177, 179, 183, 189, 191, 193, 195, 198, 205, 207, 208, 211, 215, 225, 227, 229, 230, 231, 232, 233, 239, 241, 242, 245, 246, 247, 249, 253, 257, 259, 260, 261, 263, 265, 269, 273, 277, 281, 287, 288, 289, 290, 292, 295, 296, 299, 303, 306, 307, 309, 310, 313, 316, 319, 320, 321, 323, 325, 326, 327, 328, 329, 333, 335, 338, 339, 348, 349, 358, 360, 364, 366, 368, 371, 376, 380, 381, 383, 385, 386, 390, 398]
Time: 252.145seg 

uniformCrossover_100_1_0.25
Best solution: Solution: cost=[9410.0], size=[184], elements=[1, 3, 4, 6, 7, 9, 11, 14, 16, 17, 18, 19, 20, 21, 22, 23, 24, 25, 28, 30, 34, 38, 41, 49, 53, 54, 56, 58, 62, 63, 66, 68, 69, 70, 71, 80, 81, 82, 84, 85, 87, 88, 89, 91, 92, 93, 94, 95, 99, 100, 101, 102, 108, 110, 111, 112, 113, 114, 119, 124, 125, 126, 129, 131, 132, 133, 134, 136, 137, 139, 143, 145, 148, 150, 151, 153, 154, 155, 157, 159, 162, 163, 164, 165, 166, 169, 170, 171, 172, 174, 179, 183, 184, 190, 191, 195, 196, 199, 200, 211, 215, 216, 221, 223, 224, 225, 226, 227, 228, 229, 230, 232, 236, 238, 239, 240, 241, 243, 245, 246, 247, 251, 253, 257, 258, 259, 260, 262, 265, 266, 274, 277, 278, 279, 285, 288, 289, 290, 295, 296, 299, 302, 304, 307, 309, 312, 317, 324, 325, 327, 328, 329, 331, 332, 339, 342, 345, 348, 349, 352, 354, 356, 357, 360, 361, 364, 366, 368, 371, 373, 376, 378, 381, 382, 383, 384, 385, 386, 387, 389, 391, 394, 395, 398]
Time: 249.144seg 

uniformCrossover_200_2_0.25
Best solution: Solution: cost=[3590.0], size=[160], elements=[1, 2, 4, 6, 9, 12, 15, 16, 17, 20, 21, 22, 25, 30, 33, 34, 35, 39, 43, 46, 47, 48, 49, 50, 51, 52, 53, 56, 59, 61, 64, 65, 67, 71, 74, 77, 80, 85, 86, 87, 89, 91, 95, 96, 97, 101, 102, 103, 107, 108, 120, 122, 124, 125, 129, 133, 136, 137, 144, 146, 148, 149, 152, 154, 155, 159, 160, 164, 165, 166, 169, 171, 177, 178, 179, 182, 183, 184, 186, 189, 193, 194, 195, 200, 202, 203, 207, 213, 217, 220, 224, 225, 226, 228, 229, 230, 233, 235, 236, 238, 242, 245, 246, 250, 258, 259, 261, 264, 267, 271, 272, 273, 277, 278, 282, 284, 290, 292, 293, 296, 300, 304, 306, 309, 313, 316, 317, 320, 323, 325, 326, 327, 328, 335, 342, 345, 348, 351, 354, 355, 359, 361, 365, 366, 368, 370, 371, 372, 373, 380, 381, 382, 383, 384, 386, 387, 389, 390, 395, 396]
Time: 504.873seg 

uniformCrossover_100_1_0.50
Best solution: Solution: cost=[9955.0], size=[188], elements=[1, 3, 4, 5, 6, 7, 9, 10, 11, 15, 16, 17, 18, 21, 22, 23, 24, 25, 28, 30, 34, 38, 41, 45, 47, 49, 51, 53, 54, 56, 57, 58, 62, 63, 65, 67, 70, 73, 75, 77, 80, 82, 85, 91, 92, 93, 94, 99, 100, 101, 102, 104, 105, 107, 110, 111, 114, 117, 118, 119, 123, 124, 125, 126, 132, 133, 134, 136, 138, 144, 145, 147, 148, 152, 153, 155, 156, 157, 158, 159, 162, 163, 164, 165, 166, 167, 168, 171, 172, 174, 177, 179, 183, 184, 187, 188, 190, 192, 195, 196, 211, 215, 216, 224, 227, 229, 230, 231, 234, 236, 239, 240, 243, 244, 245, 247, 250, 251, 253, 258, 259, 260, 263, 265, 273, 274, 276, 277, 279, 284, 285, 286, 288, 289, 290, 293, 294, 296, 299, 300, 301, 303, 306, 307, 309, 312, 314, 316, 319, 323, 324, 325, 327, 328, 331, 332, 333, 338, 339, 342, 347, 348, 349, 351, 352, 354, 356, 357, 358, 365, 366, 370, 371, 373, 376, 378, 379, 380, 381, 382, 383, 385, 387, 389, 390, 394, 397, 398]
Time: 265.636seg 

uniformCrossover_200_2_0.50
Best solution: Solution: cost=[3963.0], size=[151], elements=[0, 1, 3, 6, 7, 15, 16, 21, 22, 23, 24, 25, 27, 30, 31, 33, 34, 36, 37, 41, 49, 51, 52, 53, 58, 59, 63, 69, 70, 73, 74, 77, 82, 85, 87, 88, 92, 94, 101, 102, 105, 107, 108, 111, 119, 120, 122, 124, 129, 131, 132, 138, 139, 142, 143, 144, 148, 154, 155, 158, 162, 163, 165, 171, 179, 181, 182, 183, 187, 189, 195, 196, 203, 204, 205, 208, 211, 218, 222, 224, 227, 230, 232, 233, 236, 238, 239, 240, 241, 245, 247, 249, 251, 253, 255, 256, 257, 263, 267, 273, 274, 281, 285, 288, 289, 290, 291, 298, 300, 301, 303, 304, 309, 310, 315, 316, 320, 322, 324, 332, 337, 338, 340, 342, 348, 349, 350, 354, 355, 357, 360, 362, 364, 366, 368, 370, 375, 376, 377, 380, 381, 382, 383, 385, 389, 391, 393, 395, 396, 397, 398]
Time: 626.112seg 

